**Genes Known to be Associated with Preeclampsia (n=946 genes; 103 overlap with preeclampsia ignorome)**  
10
12
19
59
60
71
72
92
94
100
118
133
135
136
142
154
155
177
182
183
185
186
187
231
283
284
285
308
324
328
331
335
338
345
348
354
355
356
358
359
360
367
382
388
462
488
623
624
652
653
660
664
666
671
712
718
796
811
813
847
867
920
929
930
943
959
966
967
969
972
998
1012
1026
1028
1071
1082
1139
1191
1213
1267
1277
1281
1282
1284
1285
1286
1287
1288
1289
1290
1312
1356
1361
1386
1393
1394
1395
1401
1431
1432
1435
1437
1440
1462
1493
1499
1535
1543
1565
1571
1573
1585
1586
1588
1591
1604
1611
1636
1666
1669
1670
1672
1719
1737
1788
1815
1839
1843
1852
1879
1894
1906
1942
1950
2001
2006
2050
2052
2068
2099
2100
2147
2149
2152
2153
2155
2159
2161
2165
2167
2169
2244
2246
2247
2249
2260
2277
2317
2335
2354
2492
2625
2669
2688
2689
2701
2706
2729
2745
2784
2811
2885
2908
2944
2950
2952
2960
3030
3053
3067
3105
3106
3107
3113
3117
3119
3123
3133
3135
3146
3162
3206
3240
3248
3251
3280
3283
3284
3291
3292
3303
3304
3305
3308
3339
3356
3383
3385
3386
3426
3458
3459
3460
3479
3480
3481
3482
3484
3488
3491
3552
3553
3554
3557
3558
3559
3562
3563
3565
3566
3567
3568
3569
3570
3572
3576
3577
3578
3579
3581
3586
3587
3592
3593
3594
3595
3596
3598
3600
3603
3606
3611
3620
3627
3630
3640
3643
3655
3667
3674
3676
3688
3689
3690
3778
3791
3802
3803
3804
3805
3806
3808
3809
3810
3811
3812
3813
3814
3820
3824
3833
3939
3945
3953
3956
3973
3990
4000
4012
4018
4023
4049
4057
4069
4089
4128
4153
4179
4193
4256
4281
4306
4312
4313
4314
4316
4317
4318
4319
4321
4322
4324
4325
4326
4327
4331
4488
4512
4522
4524
4548
4552
4582
4648
4691
4790
4791
4800
4826
4836
4843
4846
4852
4856
4868
4878
4879
4881
4915
4968
4973
5021
5033
5046
5047
5048
5053
5054
5069
5155
5156
5175
5228
5281
5310
5319
5320
5327
5328
5329
5340
5444
5465
5468
5478
5520
5554
5555
5624
5627
5652
5673
5682
5707
5731
5732
5733
5734
5742
5743
5744
5806
5837
5921
5970
5972
6007
6093
6277
6281
6282
6283
6285
6337
6338
6347
6387
6389
6392
6401
6402
6403
6510
6550
6566
6584
6638
6648
6649
6678
6710
6736
6774
6857
6866
6868
6870
6890
6891
6916
6999
7005
7010
7012
7039
7043
7054
7056
7057
7060
7066
7076
7077
7078
7096
7097
7098
7099
7100
7124
7132
7133
7143
7273
7295
7349
7369
7412
7419
7422
7423
7424
7442
7450
7454
7472
7515
7804
7850
7903
8038
8309
8398
8452
8454
8521
8615
8644
8788
8809
8858
9353
9358
9370
9475
9514
9619
10068
10085
10333
10468
10482
10559
10673
10686
10699
10761
11093
11132
11141
11186
11316
11326
11346
22919
23089
23192
23493
23526
23541
23564
23576
23621
25825
25937
26135
27035
27306
29119
29124
29126
30816
50943
51162
51327
51752
53342
54106
54472
54776
54796
54897
55384
55503
55781
55829
55859
56005
56034
56977
57556
57576
57669
57798
64073
64094
64127
64167
64689
65125
80307
83667
83729
84879
85360
115653
117247
122953
126731
145624
153579
206338
219736
246778
283120
387715
391819
391827
405754
406947
406992
728378
100126334
100133941
2
93
109
111
112
114
115
140
174
210
213
214
301
302
319
337
551
567
627
629
719
727
759
760
766
767
805
836
857
898
978
1003
1017
1018
1019
1020
1021
1022
1024
1025
1268
1345
1351
1400
1508
1509
1621
1634
1635
1675
1733
1734
1735
1889
1901
1948
2053
2056
2160
2170
2171
2173
2192
2200
2220
2258
2259
2264
2287
2288
2289
2539
2620
2621
2622
2662
2678
2686
2719
2739
2813
2868
2876
2877
2934
2938
2939
2940
2941
3033
3077
3078
3080
3082
3163
3263
3273
3384
3485
3486
3487
3490
3589
3904
3931
3934
3963
4063
4162
4345
4353
4485
4684
4775
4778
4803
4851
4853
4882
4883
5008
5134
5178
5341
5467
5578
5594
5597
5599
5600
5601
5602
5603
5617
5663
5669
5670
5671
5672
5675
5678
5680
5771
5947
5948
5949
6019
6256
6300
6382
6388
6439
6440
6441
6462
6750
6925
6938
6939
6941
7023
7038
7042
7047
7051
7052
7053
7059
7082
7087
7173
7276
7297
7430
7448
7536
7869
7980
8468
8490
8522
8547
8601
8654
8678
8817
8823
8829
8870
8879
8936
9141
9294
9333
9365
9414
9518
9588
9592
9718
9927
9943
10016
10072
10081
10203
10578
10630
10631
10675
10725
10810
10855
10878
11009
11099
11328
11330
23705
23770
25930
26191
27006
27250
29952
50616
51022
51056
51094
51150
51218
51278
51284
51316
51661
53637
54414
54878
55801
55937
56344
56729
56888
57863
59272
59350
79135
79602
79852
79924
80310
81494
90226
90952
91039
93659
94027
94115
113201
114335
114336
116362
169355
171024
191585
197257
219348
221357
225689
246777
253152
285782
341947
431704
440533
442913
646480
728441
100506658
102
113
123
387
468
572
604
762
820
821
875
902
946
1050
1278
1392
1524
1583
1803
1832
1956
2022
2162
2286
2321
2324
2350
2597
2730
2778
2805
2878
3075
3091
3099
3476
3516
3623
3624
3641
3726
3915
3952
3972
4067
4094
4170
4282
4320
4323
4682
4772
4907
5111
5167
5272
5295
5371
5476
5547
5654
5879
5937
6376
6504
6513
6613
6647
6676
7025
7035
7040
7157
7162
7262
7314
7421
7431
7534
7728
7764
7852
8204
8553
8862
9021
9022
9076
9166
9377
9429
9467
9644
9955
10148
10272
10397
23071
23328
54210
60676
84706
203100


**Preeclampsia Ignorome (n=445)**
10994
3880
10544
54206
93185
3556
9123
6535
226
10409
689
9689
1513
1915
80303
64388
3092
147040
55227
10434
4121
4774
9520
11145
158158
112724
6141
949
6578
6591
6696
6744
25771
10618
7167
7257
3104
2181
84532
57188
9590
84168
307
1176
25814
6311
127002
571
221477
1036
23122
1201
22837
1397
1456
1459
1460
8453
91319
3300
1785
1856
1910
953
347918
23196
26268
8924
26091
3074
29923
3215
3728
7071
3895
3958
3998
23175
10128
9782
8932
51562
4154
4200
4248
64780
4311
64318
26578
5066
51449
9659
8993
8502
23683
79056
5706
5730
9444
25797
51560
10235
8045
5928
11030
84154
11231
6418
7884
92017
8724
221178
6687
6720
6726
8636
6745
8428
412
8675
9344
6894
11018
55754
55076
1200
7178
7186
22906
203068
55000
7360
23230
11260
219539
7529
54877
7739
50
10096
57180
3267
178
223
262
29945
9068
22852
310
334
57136
57584
64333
50649
1820
23204
57561
10973
23200
8455
10458
55653
586
63035
51411
649
654
673
54014
682
717
801
55749
57003
29080
892
894
8763
951
1013
64072
10153
55722
1069
8837
57680
1119
10519
25932
4849
10920
51232
155051
1452
1476
1522
2017
159013
30827
1633
167227
780
1760
9988
64215
54431
5611
79930
220164
79075
667
1859
1875
11319
1842
8178
22936
9583
54869
57222
55500
118460
83641
10922
10516
2272
2294
257019
23150
5349
2582
2618
2629
81544
2673
26088
2690
2752
54856
9570
151556
2936
3021
3045
9734
3068
64344
25994
135114
10114
3157
3176
3241
3417
10581
84289
8826
3658
3708
27345
55818
10657
9851
3796
54813
55975
3912
3927
114823
123169
22998
10960
9361
164832
115399
9208
4046
84061
10299
4141
90411
23173
8076
90007
8195
8569
4335
10199
54737
65258
29074
11222
55168
4601
4430
4661
10003
4671
8648
80762
57447
374291
10529
81607
23327
79858
4784
4802
51199
25934
4820
80896
7181
8828
4905
4925
11162
116150
10439
56944
115209
94101
152559
56965
5089
5094
8566
57026
23024
55274
84457
8301
5291
5351
5376
139728
23126
5437
11128
152926
26472
23645
5527
55291
5631
5638
5683
10197
55269
7803
10076
126789
5910
10411
5918
11228
55312
23179
8786
6009
23433
114822
63891
11342
643904
9025
55599
79657
6185
6187
9252
51097
6342
23753
8482
9739
81855
6451
30011
257218
11001
9154
6515
6518
64924
7355
54733
23446
285195
23049
23381
6621
10418
55304
114790
9262
11329
6804
8148
57551
23435
6904
79718
6932
6950
7019
168451
91151
7091
10548
10972
50999
219902
7175
7187
9830
8805
23650
7102
7328
51377
65110
9100
8237
55737
23558
23001
9589
7525
10730
7531
130617
7763
7542
163071
27309
90594
126070
25888
148254
84146
9726
7553
55769
7637
